86

3 1130 (1551) 13 13131, 13331 1131 0315131133 133 531 110103313111311 13 geen 531113
10011133 terminus 311 113313 (1574). Immers op de 113311 31331 511 Β3111131333ς
„sacello 331333”, 11311133313311031111001 333 13131310310311131. 83311001 13
3311131 geen reden. Fotografische 131301133113 op grooter 3311331 1103111311,
1131 11313 331111111311313 133 1131311113113311 1113 313113 legende 01) 113 113311. Ζ11

13 1133 3313311330 33 113 verwoesting 1311 113 113031 door de 8333331113 1103033

13 3133 33351133 18 op 19 1111111 1582 ¹, 331131 door Leo 8151331133, 1003 133

8151331133 Leo, 13333533 de 131311 1500-’70 3350133 13 8311111313 ². We 1133-
33311313 313 3001131 1311 131331111133113 113335131111311133 13 159030311311131111113
111031311 1311 03110 Scin-lemme in 1592 113 „Accusata Descriptio 031131133110-
1113111 13113313311313111 [1311-1333311331 3111311333 3330 151714 311 13 1591 noc 11133
31331313133133 ,1131103 1110313111, 1133111331· 1033 5111115331· 11333 533103111. 1111
1311031113 1033 13 1133311133] 511 de familie Roorda en 133113313 1. 1131 113311-
33111111, 1133113 11311 113 113311133 130 8151331133 53113111, past ,335331 13 1131311
11111, 3133313 de 113311. 130 1113351113 op 333 1111311133 Ν130131, 13 1113 13133
313113313311 11311333113133311331131, 13131 gereformeerd 013111113111 311 335111-
131133 531 113111,,61031113113 onderwijsinghe ieghen 311311313 dwniinghen
113111131131110003133 deses 11113 13113 Ν311311331133” 9. 110331 111311 1111 511 de
1313335111031131531133 3331333113 130 8151331133, 1133 13 1131 113111311111, 1131 511
(1313113311 033103311111133331133 1551471 11311 5355311 13113311111111, 11331 511
10311 nog 3311 111311 1133. copie en 113311 1113 13 denzelfden tijd 03131333 33

X

1 n.
831

2 De 0311313 ,33131333 over 113111 113111 111311 111 1131 111110111331150311 133
1131131131133 reor-1605 (R. Α. 13333310331,11331111 1311 1001113313 133
Ger-ndns 1111113013, ¹gewezen prior 1311 1131 111003131 111331113311), 131-
3353111333 0511331113 3113 0033301333, 11331511 13333533 1588-’89 11113-
31331 313 ,33111133 001133111ῑ 130 815133111 (130 8151331111003, 0011 ,03-
11033111 113313 8151333), 11131311 3133113 13311331 313 130 8151331133. 13
1592 1103133 13 333 3313 13111001113313133 8311111133 83330313, 1103131331
13 1131131131, 313 vrretrricen voor: 113313 33 133 Sybrnndiszonen, die
133113111133 130 8151331133 33 J. 8151331133.

(Volcens 111311113111113 3333111131 133 1133113311. Wierda 131333-
nr .
3 xZiae Q de copieen 133 Ocko’s 1003131333 11313133 1, 5. Friesch Gen.
1864113 113, mm. Friesch Gennotscimn No. 18, p. 411, 11331 1311 0111331113
113 copie 1311 11311111 115011131311031133 wordt 1001 113 53313 133 13013
3133111111133 1594495; 53113113 3331113 afwijkingen 13 de 13033113, 53-

minen1 de copiee'n 133 Leo, die reeds 13 1590 53313333, 3111033113 531
tenen 33.

4 De Vrije Fries 111, 1844 p. 221.
5 Η3. Β151. Friesch Gen. Νο, 19513.

6 ,31 H. Brngmans, [31310333 codicum manuscriptorum Univ. (3101113-
1133338151, Gron. 1898.

7 1133 1131131133 13 111333111331, vgl. R. 133
Schriften in Friesland, Nederl. 1131331 1889.

8 13 113111131111131 133 Franeker (R. Α. 133311.) ingeschreven 1593, 2811131
311 1591, 1911101.

9 11333131 1609. 113110011100111 53113131 333 110113 331051031331113, 11331-
311 5111111, 1131511 01311111331 1133 13 11333131 311 13 111133311333. 1133 11331
13 53133111 333 51131 133 theologischen 13110311 333 8151331133 135531133

13 63553133, Cod. 1 p. 1250,

1ΙΙΧ 1. 11. Α3, 0311111111311. ivon-nem„ 11. 113111131333.
1 731333

Brengel norgias, Gras-

dd. 28 Dec. 1608, 9101. 13151. 1, 111331, 8011331
30. DCCLIX.

 

